Starting preprocessing of the model file ...
Found 34 equation(s).
Evaluating expressions...done
Computing static model derivatives (order 1).
Computing dynamic model derivatives (order 2).
Processing outputs ...
done
Preprocessing completed.

MODEL SUMMARY

  Number of variables:         34
  Number of stochastic shocks: 7
  Number of state variables:   20
  Number of jumpers:           12
  Number of static variables:  8


MATRIX OF COVARIANCE OF EXOGENOUS SHOCKS
Variables          eg        em        ea        eb       eqs     epinf        ew
eg           1.000000  0.000000  0.000000  0.000000  0.000000  0.000000  0.000000
em           0.000000  1.000000  0.000000  0.000000  0.000000  0.000000  0.000000
ea           0.000000  0.000000  1.000000  0.000000  0.000000  0.000000  0.000000
eb           0.000000  0.000000  0.000000  1.000000  0.000000  0.000000  0.000000
eqs          0.000000  0.000000  0.000000  0.000000  1.000000  0.000000  0.000000
epinf        0.000000  0.000000  0.000000  0.000000  0.000000  1.000000  0.000000
ew           0.000000  0.000000  0.000000  0.000000  0.000000  0.000000  1.000000

POLICY AND TRANSITION FUNCTIONS
                                ewma         epinfma              yf               y               r               a               b               g              qs              ms           spinf              sw             kpf              kp              cf           invef               c            inve            pinf               w             lab           zcapf             rkf              kf             pkf            labf              wf             rrf              mc            zcap              rk               k              pk             z_g
ewma(-1)                           0               0               0        1.011423       -1.835820               0               0               0               0               0               0       -0.933700               0        0.026000               0               0        1.545135        0.867844       -8.406950       -1.918203        0.922485               0               0               0               0               0               0               0       -1.602450       -0.637558       -0.358160       -0.637558      -20.449036               0
epinfma(-1)                        0               0               0        1.338737       -0.845633               0               0               0               0               0       -0.834000               0               0        0.110787               0               0        0.003306        3.697862       -4.403601        4.785321        0.197282               0               0               0               0               0               0               0        4.179522        3.190361        1.792242        3.190361       -3.551287               0
yf(-1)                             0               0               0       -0.099359        0.106246               0               0               0               0               0               0               0               0       -0.005235               0               0       -0.090125       -0.174731       -0.032719       -0.011818       -0.062631               0               0               0               0               0               0               0       -0.014846       -0.047670       -0.026780       -0.047670       -0.474637               0
y(-1)                              0               0               0        0.099359       -0.106246               0               0               0               0               0               0               0               0        0.005235               0               0        0.090125        0.174731        0.032719        0.011818        0.062631               0               0               0               0               0               0               0        0.014846        0.047670        0.026780        0.047670        0.474637               0
r(-1)                              0               0               0       -0.677297        0.724246               0               0               0               0               0               0               0               0       -0.035685               0               0       -0.614352       -1.191085       -0.223033       -0.080561       -0.426939               0               0               0               0               0               0               0       -0.101203       -0.324952       -0.182548       -0.324952       -3.235454               0
a(-1)                              0               0        0.677334        0.207884       -0.114944        0.982600               0               0               0               0               0               0        0.036039        0.023935        0.631632        1.202911        0.240033        0.798887       -0.202186        0.238155       -0.958544        0.260166        0.146153        0.260166        3.001752       -0.788538        1.194858       -1.238346       -0.845094       -0.461265       -0.259124       -0.461265        0.608613               0
b(-1)                              0               0               0        0.248469        0.038425               0        0.139100               0               0               0               0               0               0        0.006594               0               0        0.290763        0.220100        0.011894        0.021641        0.157730               0               0               0               0               0               0        1.600629        0.030320        0.114851        0.064520        0.114851        1.699893               0
g(-1)                              0               0        0.556626        0.779313        0.036117               0               0        0.700000               0               0               0               0       -0.010808       -0.003240       -0.188329       -0.360760        0.050208       -0.108157        0.017785        0.021429        0.501207        0.213802        0.120107        0.213802       -1.546858        0.364387       -0.030479        0.829189        0.055141        0.334644        0.187992        0.334644       -0.173570               0
qs(-1)                             0               0        0.299396        0.430907        0.028025               0               0               0        0.612100               0               0               0        0.171543        0.179824       -0.101298        1.821104       -0.000264        2.097509        0.038919        0.027288        0.274975        0.114999        0.064603        0.114999       -1.068605        0.195996       -0.016394       -0.108442        0.043770        0.193539        0.108724        0.193539       -0.566453               0
ms(-1)                             0               0               0       -0.190943        0.157061               0               0               0               0        0.199900               0               0               0       -0.010308               0               0       -0.170709       -0.344055       -0.065630       -0.022992       -0.120323               0               0               0               0               0               0               0       -0.028772       -0.091764       -0.051550       -0.091764       -0.892533               0
spinf(-1)                          0               0               0       -1.582085        0.999347               0               0               0               0               0        0.985600               0               0       -0.130926               0               0       -0.003907       -4.370039        5.204064       -5.655171       -0.233143               0               0               0               0               0               0               0       -4.939253       -3.770287       -2.118027       -3.770287        4.196821               0
sw(-1)                             0               0               0       -1.063527        1.930393               0               0               0               0               0               0        0.981800               0       -0.027340               0               0       -1.624733       -0.912551        8.840038        2.017020       -0.970007               0               0               0               0               0               0               0        1.685001        0.670402        0.376610        0.670402       21.502478               0
kpf(-1)                            0               0       -0.064171        0.003701        0.010897               0               0               0               0               0               0               0        0.972652        0.000291        0.085491        0.087163        0.002528        0.009718        0.004948       -0.000230        0.002427       -0.664948       -0.373547        0.335052        0.301170       -0.133286        0.094792       -0.150144       -0.000023        0.001407        0.000790        0.001407        0.009603               0
kp(-1)                             0               0               0       -0.129260       -0.025554               0               0               0               0               0               0               0               0        0.970312               0               0        0.028194        0.009065       -0.029803        0.016198       -0.164413               0               0               0               0               0               0               0       -0.070674       -0.735202       -0.413013        0.264798       -0.025988               0
cf(-1)                             0               0        0.396649        0.014625       -0.054821               0               0               0               0               0               0               0       -0.009091        0.000482        0.667299       -0.303433        0.016077        0.016103       -0.000213        0.001894        0.009197        0.152354        0.085588        0.152354       -1.058343        0.259661       -0.021719        0.490382        0.002319        0.007102        0.003990        0.007102        0.093458               0
invef(-1)                          0               0        0.128967        0.007081       -0.017122               0               0               0               0               0               0               0        0.023502        0.000299       -0.043635        0.784453        0.007165        0.009995        0.001496        0.000745        0.004477        0.049537        0.027828        0.049537       -0.396348        0.084426       -0.007062        0.147333        0.000974        0.003344        0.001878        0.003344        0.039822               0
c(-1)                              0               0               0        0.535770        0.080760               0               0               0               0               0               0               0               0       -0.003847               0               0        0.810800       -0.128419        0.016752        0.013246        0.344782               0               0               0               0               0               0               0        0.036631        0.229246        0.128783        0.229246       -0.242250               0
inve(-1)                           0               0               0        0.175629        0.026486               0               0               0               0               0               0               0               0        0.025394               0               0        0.002910        0.847618        0.005545        0.006196        0.112763               0               0               0               0               0               0               0        0.013603        0.076170        0.042790        0.076170       -0.135047               0
pinf(-1)                           0               0               0       -0.021644        0.047747               0               0               0               0               0               0               0               0       -0.003462               0               0       -0.040636       -0.115565        0.215817        0.246605       -0.048472               0               0               0               0               0               0               0        0.211117        0.126865        0.071269        0.126865       -0.151823               0
w(-1)                              0               0               0        0.045443        0.036038               0               0               0               0               0               0               0               0       -0.003547               0               0       -0.030571       -0.118396        0.125299        0.745497       -0.074800               0               0               0               0               0               0               0        0.643437        0.429448        0.241250        0.429448       -0.018447               0
eg                                 0               0        0.536906        0.751703        0.034838               0               0        0.675200               0               0               0               0       -0.010425       -0.003126       -0.181657       -0.347979        0.048429       -0.104325        0.017155        0.020670        0.483450        0.206227        0.115852        0.206227       -1.492055        0.351478       -0.029399        0.799812        0.053188        0.322788        0.181332        0.322788       -0.167421        1.000000
em                                 0               0               0       -0.218739        0.179925               0               0               0               0        0.229000               0               0               0       -0.011808               0               0       -0.195560       -0.394140       -0.075184       -0.026339       -0.137839               0               0               0               0               0               0               0       -0.032961       -0.105123       -0.059055       -0.105123       -1.022462               0
ea                                 0               0        0.345836        0.106142       -0.058688        0.501700               0               0               0               0               0               0        0.018401        0.012221        0.322501        0.614187        0.122557        0.407899       -0.103233        0.121598       -0.489417        0.132837        0.074623        0.132837        1.532647       -0.402615        0.610075       -0.632280       -0.431492       -0.235515       -0.132305       -0.235515        0.310748               0
eb                                 0               0               0        0.640017        0.098978               0        0.358300               0               0               0               0               0               0        0.016986               0               0        0.748960        0.566944        0.030636        0.055743        0.406288               0               0               0               0               0               0        4.122971        0.078098        0.295839        0.166193        0.295839        4.378660               0
eqs                                0               0        0.277728        0.399721        0.025996               0               0               0        0.567800               0               0               0        0.159128        0.166810       -0.093967        1.689304       -0.000245        1.945704        0.036103        0.025313        0.255074        0.106676        0.059927        0.106676       -0.991266        0.181811       -0.015207       -0.100594        0.040603        0.179532        0.100855        0.179532       -0.525456               0
epinf                              0        0.218100               0       -0.109956        0.068809               0               0               0               0               0        0.218100               0               0       -0.006370               0               0       -0.029810       -0.212606        0.358944       -0.377985       -0.018308               0               0               0               0               0               0               0       -0.330332       -0.253746       -0.142547       -0.253746       -0.030559               0
ew                          0.266300               0               0        0.008856        0.043882               0               0               0               0               0               0        0.266300               0       -0.002158               0               0       -0.037055       -0.072020        0.180855        0.403932       -0.050729               0               0               0               0               0               0               0        0.347891        0.226156        0.127047        0.226156        0.276400               0


MOMENTS OF SIMULATED VARIABLES
VARIABLE              MEAN       STD. DEV.        VARIANCE        SKEWNESS        KURTOSIS
ewma              0.010748        0.267269        0.071433        0.269885        0.056217
epinfma          -0.021388        0.233812        0.054668        0.052986        1.347351
yf                1.234782        2.812883        7.912313        0.344143       -0.802214
y                 7.798034        5.630542       31.703004       -0.164040       -1.192610
r                -0.787496        0.979556        0.959529       -0.021338       -0.527753
a                 0.518674        1.521278        2.314285        0.455413       -0.634681
b                -0.024407        0.338333        0.114469        0.474748        0.235222
g                -0.193432        0.826605        0.683276       -0.077811       -0.035599
qs                0.263791        0.662611        0.439053        0.262239        0.359665
ms                0.045208        0.231326        0.053512       -0.172939        0.061432
spinf            -0.297817        0.249605        0.062303       -0.042185        0.728189
sw               -0.025608        0.298879        0.089329        0.298113       -0.083269
kpf               3.325635        5.166928       26.697145        0.443826       -1.296318
kp               16.266113        6.827359       46.612826       -0.382639       -1.353710
cf                0.835200        2.724340        7.422028        1.062365        0.490078
invef             6.502537        8.634842       74.560505        0.375372       -1.044187
c                 8.169495        5.574756       31.077907       -0.108241       -1.399197
inve             19.233540        8.693463       75.576303        0.122690       -0.965145
pinf             -0.946744        1.190283        1.416774        0.215075       -0.784323
w                 8.049633        3.367910       11.342815       -0.085797       -1.182557
lab               2.094738        4.506146       20.305349       -0.901985       -0.111487
zcapf            -1.559017        2.550797        6.506565       -0.321962       -1.501373
rkf              -0.875806        1.432956        2.053363       -0.321962       -1.501373
kf                1.616527        2.737775        7.495414        0.509251       -0.875139
pkf              -0.771144        2.696709        7.272238       -0.625933        0.554973
labf             -0.131818        0.718526        0.516280       -0.191199       -0.133449
wf                0.872539        2.093676        4.383481        0.592317       -0.404641
rrf              -0.396199        4.019430       16.155818        0.253168       -0.217185
mc                5.466486        2.479862        6.149714        0.223377       -0.772511
zcap             -3.827791        4.664887       21.761174       -0.644686       -0.604339
rk               -2.150330        2.620584        6.867461       -0.644686       -0.604339
k                12.294701        4.707414       22.159744       -0.144128       -1.139372
pk               -1.231324        5.062468       25.628587        0.520426        0.423364
z_g              -0.081763        0.927622        0.860483       -0.039042       -0.796718


CORRELATION OF SIMULATED VARIABLES
VARIABLE       ewma  epinfma       yf        y        r        a        b        g       qs       ms    spinf       sw      kpf       kp       cf    invef        c     inve     pinf        w      lab    zcapf      rkf       kf      pkf     labf       wf      rrf       mc     zcap       rk        k       pk      z_g
ewma         1.0000   0.2226   0.1766   0.1075   0.2110   0.1760   0.0588   0.1134   0.0024  -0.0846   0.1828   0.9439   0.2312   0.3831   0.1625   0.1479   0.1564   0.0926   0.3872   0.4506  -0.0708  -0.2243  -0.2243   0.2263   0.0237  -0.1660   0.1993   0.0486   0.3369  -0.2021  -0.2021   0.3672   0.0424  -0.0038
epinfma      0.2226   1.0000   0.1380   0.0364   0.0747   0.1436   0.0053   0.1014  -0.0827  -0.0829   0.8990   0.2384   0.1221   0.1397   0.1836   0.0262   0.0582   0.0066   0.4799   0.1519  -0.0560  -0.1058  -0.1058   0.1404   0.0438  -0.1107   0.1492   0.0121   0.0550  -0.1006  -0.1006   0.1111   0.0851   0.0009
yf           0.1766   0.1380   1.0000  -0.1953   0.6828   0.9408   0.1005   0.1695   0.2493   0.1101   0.3306   0.3791   0.7680   0.6838   0.8912   0.8755  -0.1604   0.0546   0.5388   0.5221  -0.6380  -0.5366  -0.5366   0.8972  -0.1752  -0.4206   0.9503   0.0957  -0.1843  -0.8074  -0.8074   0.2123  -0.1591   0.1541
y            0.1075   0.0364  -0.1953   1.0000  -0.5201  -0.2470   0.2175   0.2961   0.0483  -0.0873  -0.2266  -0.1380  -0.4165   0.1281  -0.3900  -0.2227   0.9775   0.8656  -0.3641   0.2596   0.8597   0.4609   0.4609  -0.3616  -0.2181   0.4304  -0.3051   0.2893   0.5526   0.5607   0.5607   0.6965   0.2276   0.1788
r            0.2110   0.0747   0.6828  -0.5201   1.0000   0.5782   0.0059   0.1263   0.3001   0.3465   0.3325   0.4731   0.7377   0.5706   0.5800   0.7104  -0.4913  -0.3142   0.7418   0.3930  -0.7428  -0.6398  -0.6398   0.7557  -0.2766  -0.2551   0.6378   0.0176  -0.1076  -0.8353  -0.8353   0.0351  -0.3844   0.0497
a            0.1760   0.1436   0.9408  -0.2470   0.5782   1.0000   0.0991   0.0139   0.1338   0.1139   0.3505   0.3555   0.6715   0.5646   0.9237   0.7872  -0.1839  -0.0168   0.4479   0.4187  -0.6765  -0.4422  -0.4422   0.8113   0.1632  -0.6688   0.9878   0.0152  -0.3243  -0.7686  -0.7686   0.0798  -0.0833   0.0148
b            0.0588   0.0053   0.1005   0.2175   0.0059   0.0991   1.0000  -0.0684   0.0285  -0.2322  -0.0238   0.0384   0.0576   0.1614   0.0811   0.1314   0.2565   0.2402   0.0007   0.1417   0.1063  -0.0247  -0.0247   0.0748  -0.0169  -0.0394   0.0945   0.9616   0.0895  -0.0152  -0.0152   0.2117   0.8530  -0.0686
g            0.1134   0.1014   0.1695   0.2961   0.1263   0.0139  -0.0684   1.0000   0.0261   0.0843   0.0531   0.0941  -0.0187   0.1383  -0.1162  -0.1213   0.1987   0.0382   0.1013   0.1992   0.1968   0.0895   0.0895   0.0576  -0.4478   0.4063  -0.0029   0.1114   0.2248   0.0821   0.0821   0.2852  -0.1594   0.7163
qs           0.0024  -0.0827   0.2493   0.0483   0.3001   0.1338   0.0285   0.0261   1.0000   0.0373  -0.0282   0.0728   0.1715   0.2357   0.0311   0.4083  -0.0063   0.2510   0.2285   0.1986  -0.0559  -0.0636  -0.0636   0.1869  -0.4329   0.1981   0.1329  -0.0083   0.1024  -0.1433  -0.1433   0.1684  -0.2049  -0.1178
ms          -0.0846  -0.0829   0.1101  -0.0873   0.3465   0.1139  -0.2322   0.0843   0.0373   1.0000   0.0340  -0.0636   0.0066  -0.0134   0.0254   0.1068  -0.1067  -0.0562  -0.0414  -0.1054  -0.0995   0.0462   0.0462   0.0437  -0.0151  -0.0203   0.0957  -0.2247  -0.2051  -0.0987  -0.0987  -0.1157  -0.5107   0.1622
spinf        0.1828   0.8990   0.3306  -0.2266   0.3325   0.3505  -0.0238   0.0531  -0.0282   0.0340   1.0000   0.2707   0.2164   0.0999   0.3960   0.1703  -0.1837  -0.2368   0.6316   0.0065  -0.3249  -0.1388  -0.1388   0.2765   0.0750  -0.2243   0.3434  -0.0353  -0.2730  -0.3038  -0.3038  -0.1373  -0.0157  -0.0257
sw           0.9439   0.2384   0.3791  -0.1380   0.4731   0.3555   0.0384   0.0941   0.0728  -0.0636   0.2707   1.0000   0.4940   0.5242   0.3778   0.3603  -0.0819  -0.0703   0.6138   0.5490  -0.3628  -0.4734  -0.4734   0.4814  -0.0217  -0.2931   0.4061   0.0217   0.2742  -0.4784  -0.4784   0.3117  -0.0377  -0.0087
kpf          0.2312   0.1221   0.7680  -0.4165   0.7377   0.6715   0.0576  -0.0187   0.1715   0.0066   0.2164   0.4940   1.0000   0.8086   0.7829   0.8161  -0.3608  -0.1069   0.6678   0.6743  -0.7510  -0.9515  -0.9515   0.9714  -0.1956  -0.4603   0.7770   0.0493   0.1186  -0.9348  -0.9348   0.2840  -0.1659   0.0021
kp           0.3831   0.1397   0.6838   0.1281   0.5706   0.5646   0.1614   0.1383   0.2357  -0.0134   0.0999   0.5242   0.8086   1.0000   0.5829   0.7333   0.1984   0.3578   0.5655   0.9344  -0.3201  -0.7347  -0.7347   0.8060  -0.3000  -0.2647   0.6420   0.1808   0.5130  -0.7147  -0.7147   0.7600  -0.1114   0.0567
cf           0.1625   0.1836   0.8912  -0.3900   0.5800   0.9237   0.0811  -0.1162   0.0311   0.0254   0.3960   0.3778   0.7829   0.5829   1.0000   0.7421  -0.2897  -0.1694   0.5533   0.4190  -0.7676  -0.6186  -0.6186   0.8731   0.1369  -0.6721   0.9489   0.0131  -0.2946  -0.8499  -0.8499   0.0381  -0.0354  -0.0307
invef        0.1479   0.0262   0.8755  -0.2227   0.7104   0.7872   0.1314  -0.1213   0.4083   0.1068   0.1703   0.3603   0.8161   0.7333   0.7421   1.0000  -0.2000   0.1969   0.4956   0.5639  -0.6136  -0.6400  -0.6400   0.8746  -0.2721  -0.3572   0.8282   0.1017  -0.0458  -0.8127  -0.8127   0.2685  -0.2007  -0.0825
c            0.1564   0.0582  -0.1604   0.9775  -0.4913  -0.1839   0.2565   0.1987  -0.0063  -0.1067  -0.1837  -0.0819  -0.3608   0.1984  -0.2897  -0.2000   1.0000   0.8363  -0.3060   0.3057   0.8048   0.4010   0.4010  -0.3087  -0.1231   0.3146  -0.2372   0.3039   0.5462   0.4781   0.4781   0.7229   0.2728   0.1000
inve         0.0926   0.0066   0.0546   0.8656  -0.3142  -0.0168   0.2402   0.0382   0.2510  -0.0562  -0.2368  -0.0703  -0.1069   0.3578  -0.1694   0.1969   0.8363   1.0000  -0.2560   0.4360   0.6217   0.1875   0.1875  -0.0644  -0.2874   0.2679  -0.0479   0.2696   0.5429   0.2818   0.2818   0.7502   0.1390   0.0033
pinf         0.3872   0.4799   0.5388  -0.3641   0.7418   0.4479   0.0007   0.1013   0.2285  -0.0414   0.6316   0.6138   0.6678   0.5655   0.5533   0.4956  -0.3060  -0.2560   1.0000   0.5085  -0.5806  -0.6240  -0.6240   0.6587  -0.2059  -0.2394   0.5164   0.0114   0.1316  -0.6756  -0.6756   0.1842  -0.1245   0.0018
w            0.4506   0.1519   0.5221   0.2596   0.3930   0.4187   0.1417   0.1992   0.1986  -0.1054   0.0065   0.5490   0.6743   0.9344   0.4190   0.5639   0.3057   0.4360   0.5085   1.0000  -0.1592  -0.6362  -0.6362   0.6548  -0.2535  -0.2073   0.4920   0.1621   0.7153  -0.5193  -0.5193   0.8521  -0.0314   0.0875
lab         -0.0708  -0.0560  -0.6380   0.8597  -0.7428  -0.6765   0.1063   0.1968  -0.0559  -0.0995  -0.3249  -0.3628  -0.7510  -0.3201  -0.7676  -0.6136   0.8048   0.6217  -0.5806  -0.1592   1.0000   0.6909   0.6909  -0.7549  -0.1748   0.6472  -0.7363   0.1905   0.4299   0.8760   0.8760   0.3556   0.2314   0.1228
zcapf       -0.2243  -0.1058  -0.5366   0.4609  -0.6398  -0.4422  -0.0247   0.0895  -0.0636   0.0462  -0.1388  -0.4734  -0.9515  -0.7347  -0.6186  -0.6400   0.4010   0.1875  -0.6240  -0.6362   0.6909   1.0000   1.0000  -0.8541   0.1550   0.4198  -0.5765  -0.0188  -0.2363   0.8488   0.8488  -0.2663   0.1343   0.0532
rkf         -0.2243  -0.1058  -0.5366   0.4609  -0.6398  -0.4422  -0.0247   0.0895  -0.0636   0.0462  -0.1388  -0.4734  -0.9515  -0.7347  -0.6186  -0.6400   0.4010   0.1875  -0.6240  -0.6362   0.6909   1.0000   1.0000  -0.8541   0.1550   0.4198  -0.5765  -0.0188  -0.2363   0.8488   0.8488  -0.2663   0.1343   0.0532
kf           0.2263   0.1404   0.8972  -0.3616   0.7557   0.8113   0.0748   0.0576   0.1869   0.0437   0.2765   0.4814   0.9714   0.8060   0.8731   0.8746  -0.3087  -0.0644   0.6587   0.6548  -0.7549  -0.8541  -0.8541   1.0000  -0.1891  -0.4790   0.8875   0.0688   0.0101  -0.9419  -0.9419   0.2702  -0.1683   0.0672
pkf          0.0237   0.0438  -0.1752  -0.2181  -0.2766   0.1632  -0.0169  -0.4478  -0.4329  -0.0151   0.0750  -0.0217  -0.1956  -0.3000   0.1369  -0.2721  -0.1231  -0.2874  -0.2059  -0.2535  -0.1748   0.1550   0.1550  -0.1891   1.0000  -0.7663   0.1218  -0.2378  -0.3649   0.0461   0.0461  -0.3744   0.2303  -0.3875
labf        -0.1660  -0.1107  -0.4206   0.4304  -0.2551  -0.6688  -0.0394   0.4063   0.1981  -0.0203  -0.2243  -0.2931  -0.4603  -0.2647  -0.6721  -0.3572   0.3146   0.2679  -0.2394  -0.2073   0.6472   0.4198   0.4198  -0.4790  -0.7663   1.0000  -0.6822   0.1747   0.3084   0.5737   0.5737   0.1519  -0.0845   0.3495
wf           0.1993   0.1492   0.9503  -0.3051   0.6378   0.9878   0.0945  -0.0029   0.1329   0.0957   0.3434   0.4061   0.7770   0.6420   0.9489   0.8282  -0.2372  -0.0479   0.5164   0.4920  -0.7363  -0.5765  -0.5765   0.8875   0.1218  -0.6822   1.0000   0.0171  -0.2544  -0.8476  -0.8476   0.1190  -0.0992   0.0043
rrf          0.0486   0.0121   0.0957   0.2893   0.0176   0.0152   0.9616   0.1114  -0.0083  -0.2247  -0.0353   0.0217   0.0493   0.1808   0.0131   0.1017   0.3039   0.2696   0.0114   0.1621   0.1905  -0.0188  -0.0188   0.0688  -0.2378   0.1747   0.0171   1.0000   0.1722   0.0278   0.0278   0.2828   0.7937   0.0998
mc           0.3369   0.0550  -0.1843   0.5526  -0.1076  -0.3243   0.0895   0.2248   0.1024  -0.2051  -0.2730   0.2742   0.1186   0.5130  -0.2946  -0.0458   0.5462   0.5429   0.1316   0.7153   0.4299  -0.2363  -0.2363   0.0101  -0.3649   0.3084  -0.2544   0.1722   1.0000   0.1228   0.1228   0.8549   0.0679   0.0984
zcap        -0.2021  -0.1006  -0.8074   0.5607  -0.8353  -0.7686  -0.0152   0.0821  -0.1433  -0.0987  -0.3038  -0.4784  -0.9348  -0.7147  -0.8499  -0.8127   0.4781   0.2818  -0.6756  -0.5193   0.8760   0.8488   0.8488  -0.9419   0.0461   0.5737  -0.8476   0.0278   0.1228   1.0000   1.0000  -0.0896   0.2377   0.0596
rk          -0.2021  -0.1006  -0.8074   0.5607  -0.8353  -0.7686  -0.0152   0.0821  -0.1433  -0.0987  -0.3038  -0.4784  -0.9348  -0.7147  -0.8499  -0.8127   0.4781   0.2818  -0.6756  -0.5193   0.8760   0.8488   0.8488  -0.9419   0.0461   0.5737  -0.8476   0.0278   0.1228   1.0000   1.0000  -0.0896   0.2377   0.0596
k            0.3672   0.1111   0.2123   0.6965   0.0351   0.0798   0.2117   0.2852   0.1684  -0.1157  -0.1373   0.3117   0.2840   0.7600   0.0381   0.2685   0.7229   0.7502   0.1842   0.8521   0.3556  -0.2663  -0.2663   0.2702  -0.3744   0.1519   0.1190   0.2828   0.8549  -0.0896  -0.0896   1.0000   0.0667   0.1469
pk           0.0424   0.0851  -0.1591   0.2276  -0.3844  -0.0833   0.8530  -0.1594  -0.2049  -0.5107  -0.0157  -0.0377  -0.1659  -0.1114  -0.0354  -0.2007   0.2728   0.1390  -0.1245  -0.0314   0.2314   0.1343   0.1343  -0.1683   0.2303  -0.0845  -0.0992   0.7937   0.0679   0.2377   0.2377   0.0667   1.0000  -0.1121
z_g         -0.0038   0.0009   0.1541   0.1788   0.0497   0.0148  -0.0686   0.7163  -0.1178   0.1622  -0.0257  -0.0087   0.0021   0.0567  -0.0307  -0.0825   0.1000   0.0033   0.0018   0.0875   0.1228   0.0532   0.0532   0.0672  -0.3875   0.3495   0.0043   0.0998   0.0984   0.0596   0.0596   0.1469  -0.1121   1.0000


AUTOCORRELATION OF SIMULATED VARIABLES
VARIABLE         1       2       3       4       5
ewma        0.1898  0.1248  0.1500  0.1495  0.1204
epinfma     0.1750  0.0664  0.0386 -0.0797 -0.1184
yf          0.9535  0.9107  0.8683  0.8308  0.7967
y           0.9709  0.9461  0.9109  0.8719  0.8311
r           0.9615  0.9113  0.8458  0.7765  0.7085
a           0.9298  0.8823  0.8204  0.7663  0.7105
b          -0.0832 -0.0883 -0.0223 -0.0290  0.0597
g           0.6698  0.4353  0.2758  0.1191 -0.0426
qs          0.5103  0.0898  0.0105 -0.0444 -0.0219
ms          0.3169  0.2606  0.0527 -0.0392 -0.1535
spinf       0.3855  0.2856  0.2426  0.1328  0.0845
sw          0.3896  0.3352  0.3520  0.3475  0.3217
kpf         0.9895  0.9849  0.9790  0.9722  0.9646
kp          0.9952  0.9902  0.9843  0.9775  0.9701
cf          0.9785  0.9538  0.9221  0.8872  0.8489
invef       0.9583  0.8926  0.8264  0.7707  0.7290
c           0.9773  0.9547  0.9275  0.8960  0.8627
inve        0.9495  0.8579  0.7673  0.6854  0.6265
pinf        0.9065  0.8300  0.7650  0.6887  0.6233
w           0.9819  0.9627  0.9409  0.9167  0.8921
lab         0.9703  0.9482  0.9186  0.8898  0.8600
zcapf       0.9815  0.9684  0.9535  0.9372  0.9198
rkf         0.9815  0.9684  0.9535  0.9372  0.9198
kf          0.9846  0.9750  0.9647  0.9552  0.9461
pkf         0.5994  0.3775  0.2884  0.2871  0.2968
labf        0.6654  0.4880  0.3921  0.3748  0.3665
wf          0.9433  0.9071  0.8609  0.8211  0.7792
rrf        -0.0071  0.0250 -0.0170  0.0265  0.1027
mc          0.9590  0.9250  0.8733  0.8206  0.7550
zcap        0.9799  0.9666  0.9486  0.9293  0.9094
rk          0.9799  0.9666  0.9486  0.9293  0.9094
k           0.9855  0.9669  0.9407  0.9124  0.8823
pk          0.1142  0.0310  0.0194 -0.0514 -0.0186
z_g        -0.0000 -0.0296  0.0466  0.0405 -0.0211



VARIANCE DECOMPOSITION SIMULATING ONE SHOCK AT A TIME (in percent)
                         eg                em                ea                eb               eqs             epinf                ew  Tot. lin. contr.
ewma                   0.00              0.00              0.00              0.00              0.00              0.00            101.01            101.01
epinfma                0.00              0.00              0.00              0.00              0.00            101.01              0.00            101.01
yf                     4.13              0.00             78.35              0.00              4.91              0.00              0.00             87.38
y                      2.86              5.03             19.00              2.17              4.53              9.41             92.00            135.00
r                      0.67             11.60              4.08              2.36              2.25              8.02             60.50             89.49
a                      0.00              0.00            101.01              0.00              0.00              0.00              0.00            101.01
b                      0.00              0.00              0.00            101.01              0.00              0.00              0.00            101.01
g                    101.01              0.00              0.00              0.00              0.00              0.00              0.00            101.01
qs                     0.00              0.00              0.00              0.00            101.01              0.00              0.00            101.01
ms                     0.00            101.01              0.00              0.00              0.00              0.00              0.00            101.01
spinf                  0.00              0.00              0.00              0.00              0.00            101.01              0.00            101.01
sw                     0.00              0.00              0.00              0.00              0.00              0.00            101.01            101.01
kpf                    0.08              0.00             19.16              0.00             38.05              0.00              0.00             57.29
kp                     0.04              0.23             12.42              0.04             26.40              4.72             21.18             65.03
cf                     2.12              0.00             84.99              0.00              5.37              0.00              0.00             92.48
invef                  0.89              0.00             34.11              0.00             37.57              0.00              0.00             72.57
c                      0.06              4.36             19.01              3.72              1.18              4.01            112.62            144.95
inve                   0.34              5.97             38.62              0.65             51.38             18.27             96.49            211.72
pinf                   0.06              3.54              2.24              0.14              0.36             18.97             57.33             82.64
w                      0.05              1.23             21.73              0.17              1.42             44.02             22.45             91.07
lab                    1.81              2.90              2.92              1.30              2.08              3.21             59.04             73.25
zcapf                  0.68              0.00             11.54              0.00             55.80              0.00              0.00             68.03
rkf                    0.68              0.00             11.54              0.00             55.80              0.00              0.00             68.03
kf                     0.77              0.00             36.70              0.00             22.14              0.00              0.00             59.61
pkf                   34.42              0.00             48.12              0.00             50.61              0.00              0.00            133.15
labf                  26.56              0.00             65.38              0.00             22.96              0.00              0.00            114.90
wf                     0.02              0.00             85.35              0.00              1.68              0.00              0.00             87.05
rrf                    4.60              0.00              3.65             94.77              0.71              0.00              0.00            103.72
mc                     0.16              2.15              7.48              0.35              0.48             63.43             23.01             97.05
zcap                   0.76              2.16              4.50              0.59             18.34             18.05              5.54             49.94
rk                     0.76              2.16              4.50              0.59             18.34             18.05              5.54             49.94
k                      0.86              2.54             12.44              0.88             11.89             19.75             36.30             84.66
pk                     0.30             11.31              2.43             68.81              5.99              1.48              0.96             91.28
z_g                  101.01              0.00              0.00              0.00              0.00              0.00              0.00            101.01
Note: numbers do not add up to 100 due to non-zero correlation of simulated shocks in small samples

Total computing time : 0h00m01s
é±ß½ç(²»ÄÜ³¬³ö 1)¡£} 
ix
ix =
     1
iy
iy =
     5
[BIC,AIC] = IC_VAR(data,p_max_ic)
BIC =
  ÁÐ 1 ÖÁ 8
  -15.4938  -15.6575  -15.2127  -14.7050  -14.2900  -13.7359  -13.2685  -12.7001
  ÁÐ 9 ÖÁ 16
  -12.2820  -11.6600  -11.1293  -10.6806  -10.2614   -9.7533   -9.2766   -8.7408
  ÁÐ 17 ÖÁ 24
   -8.1900   -7.7107   -7.3086   -6.8059   -6.3342   -5.8303   -5.3556   -4.8671
AIC =
  ÁÐ 1 ÖÁ 8
  -16.0266  -16.6470  -16.6590  -16.6080  -16.6497  -16.5523  -16.5417  -16.4300
  ÁÐ 9 ÖÁ 16
  -16.4685  -16.3032  -16.2293  -16.2374  -16.2748  -16.2234  -16.2035  -16.1244
  ÁÐ 17 ÖÁ 24
  -16.0303  -16.0078  -16.0623  -16.0164  -16.0013  -15.9542  -15.9362  -15.9044
min(AIC)
ans =
  -16.6590
min(BIC)
ans =
  -15.6575
size(the_By_full)
ans =
     6     6    12
size(the_chol)
ans =
     6     6
the_chol
the_chol =
    0.0414         0         0         0         0         0
    0.0321    0.1280         0         0         0         0
   -0.0511    0.3163    2.6684         0         0         0
